1 0 2
2 1 1
3 2 1
4 3 6
5 4 2
6 5 1
7 6 3
8 7 9
9 8 3
10 9 3
11 10 3
12 11 3
13 12 9
14 13 2
15 14 1
16 15 9
17 16 3
18 17 3
19 18 2
20 19 1
21 20 3
22 21 9
23 22 9
24 23 1
25 24 1
26 25 3
27 26 9
28 27 3
29 28 6
30 29 2
31 30 3
32 31 6
33 32 3
34 33 9
35 34 6
36 35 2
37 36 3
38 37 2
39 38 6
40 39 1
41 40 3
42 41 3
43 42 3
44 43 9
45 44 1
46 45 6
47 46 9
48 47 2
49 48 3
50 49 3
51 50 2
52 51 3
53 52 6
54 53 1
55 54 9
56 55 3
57 56 2
58 57 9
59 58 3
60 59 1
61 60 3
62 61 6
63 62 6
64 63 3
65 64 6
66 65 3
67 66 2
68 67 2
69 68 3
70 69 1
71 70 9
72 71 6
73 72 1
74 73 9
75 74 2
76 75 6
77 76 9
78 77 1
79 78 1
80 79 2
81 80 1
82 81 2
83 82 6
84 83 6
85 84 1
86 85 3
87 86 6
88 87 3
89 88 2
90 89 3
91 90 2
92 91 6
93 92 6
94 93 9
95 94 2
96 95 1
97 96 2
98 97 2
99 98 9
100 99 3
